2250716177876
2250716170341
2250716174107
2250716179683
2250716171401
2250716173879
2250716177040
2250716172123
2250716170279
2250716170934
2250716173529
2250716172442
2250716173734
2250716170360
2250716176466
2250716174427
2250716171310
2250716176851
2250716171665
2250716174003
2250716171540
2250716174354
2250716170284
2250716174670
2250716171801
2250716177326
2250716174088
2250716171552
2250716176263
2250716176381
2250716175424
2250716172120
2250716179856
2250716174209
2250716172301
2250716171855
2250716172184
2250716178936
2250716178871
2250716175600
2250716177835
2250716171749
2250716177648
2250716173394
2250716170496
2250716178473
2250716176916
2250716175492
2250716178452
2250716177151
2250716171449
2250716173735
2250716172989
2250716177232
2250716175911
2250716174753
2250716173246
2250716176268
2250716170799
2250716175794
2250716171468
2250716170468
2250716177682
2250716174227
2250716177981
2250716176054
2250716170406
2250716173219
2250716176618
2250716178770
2250716178765
2250716172245
2250716177604
2250716177584
2250716176833
2250716170467
2250716172881
2250716176734
2250716174389
2250716171573
2250716174515
2250716172579
2250716174430
2250716173440
2250716171621
2250716176014
2250716179834
2250716176029
2250716178640
2250716179416
2250716178858
2250716178144
2250716172510
2250716171127
2250716170598
2250716174999
2250716177300
2250716177419
2250716179120
2250716175041
2250759998725
2250759997205
2250759992922
2250759997664
2250759997931
2250759992044
2250759993012
2250759990059
2250759992505
2250759996279
2250759994159
2250759995016
2250759991610
2250759991171
2250759996386
2250759997060
2250759990906
2250759991719
2250759995220
2250759996570
2250759995342
2250759998977
2250759995538
2250759994145
2250759993091
2250759996670
2250759991364
2250759997907
2250759994118
2250759996267
2250759995705
2250759999546
2250759993389
2250759991509
2250759996165
2250759990629
2250759998949
2250759999641
2250759996050
2250759995044
2250759992221
2250759991944
2250759996044
2250759998570
2250759994897
2250759997620
2250759996722
2250759996657
2250759993855
2250759994327
2250759997926
2250759999640
2250759992300
2250759996900
2250759995637
2250759995379
2250759993542
2250759992345
2250759995924
2250759990885
2250759994763
2250759996304
2250759992886
2250759996744
2250759991430
2250759993094
2250759990393
2250759992804
2250759996437
2250759992435
2250759995290
2250759990677
2250759995331
2250759990727
2250759996706
2250759991494
2250759993749
2250759994898
2250759992399
2250759994384
2250759998839
2250759990265
2250759991635
2250759995534
2250759992916
2250759991101
2250759999560
2250759999693
2250759997949
2250759993809
2250759991796
2250759995484
2250759996096
2250759996138
2250759996314
2250759994474
2250759996177
2250759990060
2250759990419
2250759998557
2250705703357
2250705705769
2250705702756
2250705705930
2250705705309
2250705702216
2250705706717
2250705708752
2250705708648
2250705703713
2250705703630
2250705707100
2250705707891
2250705705488
2250705703277
2250705701552
2250705706377
2250705707836
2250705707900
2250705704511
2250705706008
2250705704524
2250705703717
2250705707325
2250705705386
2250705706040
2250705703654
2250705701189
2250705707399
2250705702528
2250705701281
2250705709237
2250705705699
2250705706571
2250705705029
2250705701916
2250705709542
2250705706212
2250705705068
2250705702844
2250705709628
2250705707359
2250705702893
2250705704182
2250705704778
2250705709305
2250705704665
2250705709144
2250705706853
2250705703765
2250705706233
2250705703116
2250705701064
2250705706267
2250705706507
2250705709625
2250705708201
2250705707051
2250705705550
2250705701853
2250705704428
2250705709508
2250705703599
2250705708805
2250705706574
2250705702107
2250705708616
2250705708640
2250705708158
2250705703406
2250705701937
2250705705022
2250705707603
2250705708862
2250705704746
2250705706463
2250705708898
2250705701138
2250705701193
2250705703313
2250705706135
2250705707498
2250705704572
2250705707527
2250705703999
2250705708813
2250705707883
2250705703568
2250705701829
2250705706961
2250705707976
2250705705989
2250705709419
2250705702413
2250705705318
2250705707678
2250705702911
2250705704421
2250705708986
2250705705038
2250136111754
2250136112790
2250136117652
2250136111715
2250136115206
2250136119309
2250136112281
2250136117905
2250136115587
2250136114231
2250136115565
2250136111247
2250136117333
2250136112877
2250136116537
2250136115858
2250136113469
2250136110945
2250136117986
2250136114963
2250136119089
2250136118677
2250136119177
2250136113150
2250136111881
2250136119430
2250136117049
2250136116808
2250136118310
2250136117202
2250136119953
2250136118495
2250136118119
2250136116575
2250136119658
2250136110359
2250136111741
2250136112736
2250136110846
2250136115688
2250136113295
2250136118671
2250136118644
2250136119463
2250136116125
2250136112575
2250136116068
2250136119838
2250136115215
2250136110094
2250136116345
2250136112464
2250136113969
2250136119867
2250136117238
2250136119472
2250136118365
2250136114855
2250136116170
2250136119344
2250136119004
2250136113813
2250136113264
2250136117252
2250136113144
2250136115238
2250136117889
2250136116330
2250136114020
2250136112515
2250136117507
2250136116508
2250136111784
2250136112579
2250136117118
2250136111073
2250136119136
2250136113574
2250136116534
2250136111893
2250136113662
2250136111721
2250136114663
2250136114943
2250136118855
2250136114233
2250136111402
2250136114142
2250136110191
2250136116588
2250136118330
2250136116794
2250136114752
2250136119568
2250136113875
2250136118012
2250136113128
2250136110352
2250136118332
2250136110906
2250712050569
2250712059030
2250712052102
2250712057069
2250712059278
2250712051605
2250712050567
2250712057682
2250712052913
2250712055861
2250712057856
2250712050884
2250712059886
2250712057132
2250712050760
2250712055537
2250712059734
2250712050970
2250712058976
2250712053923
2250712052271
2250712055761
2250712052204
2250712053726
2250712051268
2250712053322
2250712055816
2250712058545
2250712056257
2250712059457
2250712051089
2250712058795
2250712057277
2250712056864
2250712054588
2250712050336
2250712057688
2250712058528
2250712051432
2250712057374
2250712058209
2250712054664
2250712052286
2250712055121
2250712050425
2250712054952
2250712056735
2250712059447
2250712055706
2250712055983
2250712056267
2250712050754
2250712050028
2250712057225
2250712051598
2250712053495
2250712059486
2250712051996
2250712059766
2250712051273
2250712054995
2250712051932
2250712056442
2250712054842
2250712054851
2250712051573
2250712057848
2250712054535
2250712059630
2250712052285
2250712051517
2250712059346
2250712050129
2250712051703
2250712055507
2250712057026
2250712050447
2250712059925
2250712058960
2250712052429
2250712057186
2250712055120
2250712057549
2250712057514
2250712054794
2250712050935
2250712050620
2250712053275
2250712056325
2250712059905
2250712058736
2250712050659
2250712059647
2250712050607
2250712052228
2250712050356
2250712050565
2250712059492
2250712056809
2250712057369
